00100100010001000001	0.047619047619047616
11000100010010101011	0.05263157894736842
10011101110110011000	0.045454545454545456
01100011010001011011	0.058823529411764705
00110001001010011001	0.05
01010100101101101000	0.041666666666666664
10001010011011000110	-0.01639344262295082
10010100110100110001	0.05
10100110011101100111	0.058823529411764705
00010000110100111010	0.043478260869565216
00111011000110100010	0.05263157894736842
11011011001010001010	0.047619047619047616
00001000010101001101	0.043478260869565216
11001011001110000000	0.05
01001000010100100001	0.05263157894736842
00000011100001010001	0.043478260869565216
01110110001101111010	0.0625
10100101101111000011	0.047619047619047616
10011100110001000100	-0.07692307692307693
01110001110010101000	-0.030303030303030304
00000000110101100010	0.043478260869565216
00010111010100000100	0.045454545454545456
01001011100101011011	0.03571428571428571
01010001010111001100	0.05555555555555555
10001100011101010010	-0.030303030303030304
00100100011011011011	0.047619047619047616
00010010101101101001	0.03571428571428571
10111001100111000011	-0.25
10110001100101101100	0.045454545454545456
11010111011101111100	0.0625
01000001001101100100	0.05263157894736842
00111011001000110101	0.045454545454545456
01011010001010110110	0.045454545454545456
00110011000010000000	0.05
01111101101101100000	0.045454545454545456
01011001011110011001	0.05555555555555555
01010000001101011000	0.05555555555555555
01110110000000001101	0.0625
11000001001101111000	0.045454545454545456
00111100100111000010	-0.03225806451612903
